.Random.seed <-
c(403L, 10L, -1889467705L, -1851526226L, 1498295816L, -1965686261L, 
-617819415L, -990454344L, 1226906214L, -398563583L, -1741598317L, 
1937304130L, 590642676L, 582076407L, 513260525L, -945679228L, 
-897381718L, 474865685L, -1935538001L, -1184495946L, 79353056L, 
-1163528157L, -350918847L, 1499793968L, -1008854962L, 1361660089L, 
479100107L, -461422214L, -806388612L, -1716913985L, -365671019L, 
385224108L, 684017538L, 414764381L, -1139588009L, 1499521854L, 
1025641336L, 1146431579L, 1460760505L, -1179013624L, 1244265654L, 
-2059047951L, -1620142557L, -1206958478L, 429169860L, 1216895623L, 
-1490103715L, 1277416532L, -1378107782L, -1599291963L, 1875754783L, 
1146710694L, 973851696L, -1121227053L, -2085286671L, -183089120L, 
-1783288130L, -182498615L, -735920005L, 464354890L, -735155540L, 
1010261423L, -58839707L, 1468513052L, 367894386L, 55178221L, 
396637223L, 268971086L, 1157845160L, -1757495637L, -919430199L, 
-481036328L, -1164468602L, -1495799967L, -1383015693L, 1790690658L, 
-1065528364L, 964646615L, 1538661581L, 378076260L, 288395850L, 
-1718339659L, 1862028047L, 992557078L, 1743536832L, 384734339L, 
-730595167L, 1267639952L, -1226050194L, -902175975L, 1934682027L, 
-1184610918L, 1315627356L, -38504353L, 958650421L, -261874740L, 
329371426L, 1251217789L, -1210492297L, -443645026L, 1412305496L, 
-248013893L, 1709796697L, 39708392L, 2044401430L, -699500399L, 
-2000530109L, -257966L, -1056140572L, 851969319L, 989183357L, 
169448564L, -1778942374L, 1693805221L, 1660162239L, -1256524986L, 
1629823440L, 1934083059L, 1898699537L, 1207126848L, -1035226338L, 
-447366167L, 582668571L, 563366698L, -47788980L, -1410366449L, 
-2003292347L, 824166652L, 377698130L, 1011579085L, 1636903047L, 
569457518L, 770714952L, 1326528843L, -60953431L, -1723904520L, 
1498813734L, -12040639L, 434294739L, -1990834814L, -645633612L, 
1423586615L, -608960467L, -1989522108L, -259372438L, -1941740331L, 
565629551L, -2015905930L, -38856544L, -972467869L, -159776255L, 
-289730192L, -80744178L, -547282055L, -462230773L, 1488327738L, 
1866887996L, -1090017153L, -1473721387L, 540911084L, 572139330L, 
-4880227L, 1770770711L, -62535554L, 691003448L, 1529059099L, 
-490433415L, -1459635000L, -89862922L, -110482127L, 56954211L, 
-1874931918L, -925194108L, 380982471L, -703735907L, 334676756L, 
-1960562246L, 1018644485L, -1873273377L, -1174122394L, -1061855248L, 
-2071922413L, -1536063823L, -456707744L, -842586370L, -784285047L, 
-994288197L, -1220950134L, -682635668L, 290705391L, 1249789989L, 
741992668L, -1105670478L, -1542200915L, 1742062951L, -212315506L, 
202652520L, 2020344683L, 489151753L, 727069592L, -75988282L, 
-1250097119L, -1679123277L, -843768286L, 304185364L, 398697623L, 
1769574029L, 1632354212L, 1006567818L, 215539189L, -1676677041L, 
-1398421674L, -165380608L, 1620750147L, -216062239L, 1067246672L, 
909470894L, -1412966311L, 1969674347L, 1435385306L, 131835548L, 
1915156639L, 630944501L, 1504587660L, -158269854L, -1382161859L, 
277392567L, -1919569058L, 1665570456L, -1216981358L, 652253792L, 
479860876L, 1004988768L, -162346782L, 849740968L, 1507516108L, 
376818172L, -279432270L, -235922448L, 692062660L, -957477544L, 
1411578234L, 347363760L, -1591557700L, -139399596L, -2068563518L, 
735816480L, 1802795964L, 1433096272L, -275094558L, -301447320L, 
-1865580724L, -504926468L, 1019776754L, 1478634752L, -1854610316L, 
1106800136L, -1416897094L, -1088854576L, 545853420L, -863900780L, 
-1753640750L, -978076576L, 921425228L, -1837233376L, 380664450L, 
1912463848L, 150463468L, 782071356L, -1449550222L, 1988703088L, 
2058005796L, -1028212168L, -1814228582L, -1631550000L, -898947652L, 
633325204L, 418054786L, -2112744000L, 815304508L, 1363382928L, 
-316094686L, 1335236104L, -2106309876L, 708778908L, -140909550L, 
-1061440640L, -268981484L, -1731095256L, -803901382L, -308702256L, 
1124719212L, -1423270860L, 991910034L, -900685472L, 2103119180L, 
2002636256L, -17026142L, 1831734184L, -267039604L, 1588192188L, 
-1432085390L, -898893840L, -751397820L, -199821224L, 86622266L, 
-1900859280L, 23877180L, 338024212L, 2131110594L, -597347616L, 
1934290044L, -1594663728L, -676779102L, -1395945944L, -1683212020L, 
661714876L, 557156658L, 807182528L, 1035674164L, 233900744L, 
826874554L, 42116240L, 5134060L, -1461240236L, -20167022L, 163772192L, 
2118494156L, 238272736L, 775667394L, -612891608L, 978242476L, 
1488452284L, -697513486L, 713938480L, -1643796572L, -325889608L, 
2146448218L, -926878576L, -1423623300L, -50882796L, 174656834L, 
1916903168L, 114414524L, -877727920L, 36895010L, -1963720120L, 
-669437940L, 999412828L, 661324242L, -1711563264L, -657895084L, 
1511272680L, -292450054L, -597866800L, 1964601644L, -1143009036L, 
1913834898L, -1062467232L, 1528809484L, -1004895520L, -484148638L, 
937882280L, 110438988L, 2126307196L, 538068274L, 2010338928L, 
-1721363644L, -1118296104L, -1866147974L, 1807754800L, -1833478212L, 
906040916L, 816586818L, 1574056096L, -1446701380L, 1455512016L, 
-1486376094L, 1604301544L, -2136842036L, 1961820668L, -1174494734L, 
-710866304L, 1222196724L, 1179985544L, -742613190L, -365808816L, 
1644850284L, 1253486996L, 1285035090L, 307429856L, 33492172L, 
-94305120L, -666212990L, 1766557928L, -1676527892L, 1697711420L, 
1491311730L, 2013755504L, -510054364L, -583222216L, -1390383334L, 
-461837104L, -1259503812L, -32942188L, -148388990L, 1560291776L, 
-548970948L, 1025934736L, -54043102L, 1446143240L, -1906057588L, 
207802140L, -73629550L, 998529408L, -754772460L, -123465944L, 
791202362L, -130966064L, -2023397012L, 773383092L, 2063955986L, 
1080772064L, 1290729420L, -1329954592L, 402208802L, -652922584L, 
-848982516L, 935774012L, -803851278L, 1237453552L, 750325316L, 
-1551953320L, 720486202L, -938600976L, 1230886588L, -44402412L, 
-774368574L, 1531176032L, -262360196L, -1489647664L, -1716539102L, 
-1737147736L, 225565580L, 414845116L, 1669160754L, -1379571136L, 
2059377844L, -781135288L, 1074214330L, -1783266800L, -1063345428L, 
1414791508L, 256794898L, 1288965536L, 1428099788L, 1002822921L, 
47573563L, -1605877876L, 977772058L, 1468901007L, 1803084249L, 
-297331090L, 1261999612L, 1993224045L, -2009310953L, -627641120L, 
-316949826L, -1423263605L, 949659405L, 2070210362L, -832921736L, 
605771041L, 638404051L, -598842124L, 343121282L, 1202759703L, 
-1174401311L, 1981945894L, -1414128348L, -1137474091L, 1016301951L, 
73824280L, 1880491830L, 839057859L, -1508339707L, -329051230L, 
-1185349744L, 1990990649L, -2048053269L, -1020899108L, -1064423158L, 
-658210817L, 675598921L, -1519265826L, 961771404L, 1999398749L, 
801955687L, -1783618416L, -1336194386L, 75687771L, -296634563L, 
631981482L, 126691912L, -464950671L, -1394095133L, -1663199516L, 
412003858L, 1976465895L, 2145727921L, 331478006L, 1925160468L, 
95125797L, -1336333777L, 1980690408L, -409446202L, 1918975347L, 
-736647723L, -1616516686L, -917510272L, -1940399255L, -176754725L, 
-1238091988L, 2129172794L, 2007664623L, 188322425L, 1687893262L, 
674208988L, 237466445L, -1993680201L, 1576728640L, -794724066L, 
-437754901L, -1044820115L, -895638054L, 1226545048L, -1297983999L, 
-54765645L, -674494764L, -2130878494L, 708149879L, -2078041151L, 
1652287814L, 1814927492L, -7152075L, 241665567L, -725229192L, 
196968534L, -793596701L, 989145765L, -1049856190L, -1139964624L, 
1092932953L, 1872385739L, -1336897732L, 363792234L, -1392196193L, 
-2063721431L, -958644546L, 794111916L, 367138045L, 1434964039L, 
81735472L, -655542194L, -1200958341L, -916056099L, 1565943306L, 
-2112881880L, -439876207L, 1846287235L, -2121686908L, -282472782L, 
-1511337465L, -1979243951L, 2054912470L, 130409652L, -122863419L, 
-1103310321L, 71453320L, 1597419430L, 159885139L, -829114187L, 
-1610541550L, -1484012576L, -1163692471L, -512916357L, -346806964L, 
-1874325286L, 1944764623L, 460741785L, -377921362L, 787733948L, 
-332265939L, 239018455L, 477685792L, -701067906L, 421753675L, 
1672640845L, 2052274042L, 659323320L, -801567903L, 499911443L, 
742212404L, 455459138L, 707827031L, 499118241L, 13703526L, 1312803684L, 
